tensor([[[[ 0.4925,  0.2495],
          [ 0.1076, -1.5069]],

         [[ 0.1236, -0.4863],
          [ 0.8900,  1.2807]]],


        [[[ 1.1907, -1.0046],
          [ 0.2775, -0.1394]],

         [[-0.4659, -0.9530],
          [-0.5256,  0.3958]]]])

          
tensor([[[[ 0.4925,  0.2495],
          [ 0.1076, -1.5069]]],


        [[[ 0.1236, -0.4863],
          [ 0.8900,  1.2807]]],


        [[[ 1.1907, -1.0046],
          [ 0.2775, -0.1394]]],


        [[[-0.4659, -0.9530],
          [-0.5256,  0.3958]]]])